epoch = 3  loss = 34.599294336830695
lr = 7.500000000000001e-05

nowTime: 2020-05-10 05:12:56
