epoch = 3  loss = 34.73403027128721
lr = 7.500000000000001e-05

nowTime: 2020-05-10 15:46:29
