nowTime: 2020-05-08 16:08:02
epoch = 1  loss = 1029.302209373412
lr = 2.5e-05

nowTime: 2020-05-08 16:11:10
epoch = 2  loss = 164.3624356897866
lr = 5e-05

nowTime: 2020-05-08 16:13:50
epoch = 3  loss = 34.65945014850234
lr = 7.500000000000001e-05

nowTime: 2020-05-08 16:16:30
